2
16
#Optimization Objective1
Samp1
-0.208729
0.20873
1.11017e-006
Samp2
-0.224254
0.224258
4.36549e-006
Samp3
-0.239851
0.239855
3.84868e-006
Samp4
-0.255497
0.255498
9.9031e-007
Samp5
-0.217061
0.217065
3.87384e-006
Samp6
-0.232652
0.232657
5.11521e-006
Samp7
-0.248295
0.248301
6.30462e-006
Samp8
-0.263985
0.263991
6.27265e-006
Samp9
-0.23389
0.233898
8.75639e-006
Samp10
-0.249567
0.249569
1.30973e-006
Samp11
-0.265312
0.265317
5.539e-006
Samp12
-0.281123
0.281126
3.18099e-006
Samp13
-0.24236
0.242362
1.59908e-006
Samp14
-0.258097
0.258103
5.95987e-006
Samp15
-0.273907
0.273908
1.90557e-006
Samp16
-0.289773
0.28978
6.29004e-006
#Optimization Objective2
Samp1
-0.468825
0.471173
0.00234838
Samp2
-0.29844
0.299
0.000559972
Samp3
-0.121121
0.121783
0.000662793
Samp4
0.0581301
0.0579281
0.000201964
Samp5
-0.384231
0.385511
0.00128024
Samp6
-0.207416
0.208096
0.00067954
Samp7
-0.028323
0.0296483
0.00132529
Samp8
0.152683
0.151254
0.00142907
Samp9
-0.20117
0.201591
0.00042195
Samp10
-0.0205697
0.0215728
0.00100317
Samp11
0.161838
0.159908
0.00192916
Samp12
0.342877
0.341746
0.00113114
Samp13
-0.107166
0.107353
0.000187477
Samp14
0.0751394
0.0742655
0.000873887
Samp15
0.256389
0.255142
0.00124668
Samp16
0.436812
0.434045
0.00276684
