2
16
#Optimization Objective1
Samp1
-0.246807
0.24682
1.31838e-005
Samp2
-0.247897
0.2479
2.573e-006
Samp3
-0.249035
0.249043
7.80912e-006
Samp4
-0.250224
0.250225
4.38341e-007
Samp5
-0.247526
0.247527
8.93432e-007
Samp6
-0.248628
0.248639
1.15125e-005
Samp7
-0.249784
0.249789
4.81269e-006
Samp8
-0.250987
0.250997
1.07386e-005
Samp9
-0.249005
0.249017
1.17939e-005
Samp10
-0.250146
0.25015
3.54015e-006
Samp11
-0.251319
0.251332
1.34704e-005
Samp12
-0.252507
0.252508
1.26328e-006
Samp13
-0.249774
0.249774
3.27394e-007
Samp14
-0.250917
0.250927
1.00381e-005
Samp15
-0.252075
0.252076
3.41362e-007
Samp16
-0.25327
0.253282
1.26093e-005
#Optimization Objective2
Samp1
-0.451116
0.45254
0.00142467
Samp2
-0.299033
0.299912
0.000878605
Samp3
-0.138092
0.138222
0.000129866
Samp4
0.0262785
0.0261183
0.000160263
Samp5
-0.352643
0.353603
0.000959645
Samp6
-0.195056
0.195526
0.000470255
Samp7
-0.0320847
0.0322109
0.00012617
Samp8
0.133613
0.133338
0.00027488
Samp9
-0.141405
0.141805
0.000400482
Samp10
0.0192816
0.0186456
0.000636036
Samp11
0.185294
0.184701
0.00059242
Samp12
0.355152
0.354514
0.000638691
Samp13
-0.0332419
0.0334475
0.000205667
Samp14
0.129573
0.129548
2.51135e-005
Samp15
0.297699
0.296625
0.00107359
Samp16
0.467627
0.466237
0.00138997
