2
16
#Optimization Objective1
Samp1
-0.17278
0.17278
1.51927e-007
Samp2
-0.201733
0.201762
2.90256e-005
Samp3
-0.231042
0.231069
2.72965e-005
Samp4
-0.260541
0.260545
4.26327e-006
Samp5
-0.187203
0.187227
2.43407e-005
Samp6
-0.21648
0.216511
3.10191e-005
Samp7
-0.245966
0.245993
2.63609e-005
Samp8
-0.275663
0.275701
3.84115e-005
Samp9
-0.216819
0.216867
4.75998e-005
Samp10
-0.246454
0.246471
1.72897e-005
Samp11
-0.276407
0.27644
3.31556e-005
Samp12
-0.306687
0.306695
8.21763e-006
Samp13
-0.23186
0.231869
8.43965e-006
Samp14
-0.261778
0.261807
2.96179e-005
Samp15
-0.29204
0.292064
2.44122e-005
Samp16
-0.322504
0.322515
1.09593e-005
#Optimization Objective2
Samp1
-0.255572
0.255629
5.73412e-005
Samp2
-0.037293
0.0375622
0.000269218
Samp3
0.178099
0.177887
0.000212236
Samp4
0.391964
0.391933
3.04596e-005
Samp5
-0.297513
0.297723
0.000210787
Samp6
-0.0818639
0.0820781
0.000214263
Samp7
0.132099
0.131885
0.000213858
Samp8
0.344397
0.344119
0.000278601
Samp9
-0.387648
0.388
0.000352168
Samp10
-0.174863
0.174972
0.00010843
Samp11
0.0354129
0.035161
0.000251881
Samp12
0.243137
0.243068
6.91353e-005
Samp13
-0.434578
0.434659
8.16369e-005
Samp14
-0.22402
0.224208
0.000187974
Samp15
-0.0161563
0.0163337
0.000177461
Samp16
0.190108
0.190046
6.1727e-005
