2
16
#Optimization Objective1
Samp1
0.19723
0.197179
5.08724e-005
Samp2
0.213472
0.213401
7.02844e-005
Samp3
0.230281
0.230196
8.48095e-005
Samp4
0.247245
0.247244
1.10185e-006
Samp5
0.209573
0.209496
7.71103e-005
Samp6
0.226342
0.226214
0.000127959
Samp7
0.243301
0.243172
0.000128558
Samp8
0.260414
0.260305
0.000108917
Samp9
0.235409
0.235264
0.000145351
Samp10
0.252468
0.252434
3.38122e-005
Samp11
0.269868
0.269738
0.000129613
Samp12
0.287834
0.287714
0.000120042
Samp13
0.2485
0.248492
8.04612e-006
Samp14
0.265862
0.265742
0.000119455
Samp15
0.283792
0.283736
5.5787e-005
Samp16
0.302326
0.302108
0.000218534
#Optimization Objective2
Samp1
-0.471245
0.473567
0.00232234
Samp2
-0.331699
0.332911
0.00121169
Samp3
-0.183931
0.185411
0.00148002
Samp4
-0.0258928
0.0276565
0.0017637
Samp5
-0.372529
0.373104
0.000574331
Samp6
-0.226202
0.229382
0.00318034
Samp7
-0.0685329
0.0727891
0.00425614
Samp8
0.0928577
0.0873963
0.00546134
Samp9
-0.153709
0.15483
0.00112135
Samp10
0.00731743
0.00334593
0.00397151
Samp11
0.167509
0.160567
0.00694227
Samp12
0.313417
0.311447
0.0019706
Samp13
-0.0357303
0.0373861
0.00165573
Samp14
0.125339
0.119967
0.00537183
Samp15
0.27258
0.270436
0.00214349
Samp16
0.434607
0.432728
0.0018785
