2
16
#Optimization Objective1
Samp1
-0.181976
0.182002
2.64149e-005
Samp2
-0.204589
0.204632
4.35314e-005
Samp3
-0.227637
0.227659
2.17267e-005
Samp4
-0.250904
0.25091
5.7068e-006
Samp5
-0.196794
0.196834
3.94899e-005
Samp6
-0.219805
0.219828
2.31848e-005
Samp7
-0.243058
0.243086
2.81464e-005
Samp8
-0.266546
0.266578
3.24753e-005
Samp9
-0.227368
0.227412
4.35466e-005
Samp10
-0.250788
0.250803
1.54364e-005
Samp11
-0.274558
0.274582
2.35401e-005
Samp12
-0.298677
0.298693
1.60638e-005
Samp13
-0.242921
0.242931
1.08644e-005
Samp14
-0.266652
0.266675
2.30387e-005
Samp15
-0.290752
0.290784
3.24887e-005
Samp16
-0.315054
0.315063
8.9026e-006
#Optimization Objective2
Samp1
-0.247312
0.248018
0.00070563
Samp2
-0.0161404
0.0171028
0.000962451
Samp3
0.204114
0.203739
0.000374581
Samp4
0.418811
0.418649
0.000162281
Samp5
-0.281941
0.28301
0.00106865
Samp6
-0.0607333
0.0613099
0.000576675
Samp7
0.154315
0.153668
0.000646507
Samp8
0.363522
0.362805
0.000717431
Samp9
-0.37473
0.375755
0.00102499
Samp10
-0.163842
0.164205
0.000363877
Samp11
0.0384817
0.0380797
0.000401956
Samp12
0.232392
0.232088
0.000304492
Samp13
-0.427808
0.428002
0.000193889
Samp14
-0.224541
0.225193
0.000652176
Samp15
-0.0301775
0.0309555
0.000778039
Samp16
0.158956
0.158742
0.000213718
