2
16
#Optimization Objective1
Samp1
-0.213395
0.213532
0.000136361
Samp2
-0.224573
0.224639
6.55906e-005
Samp3
-0.236011
0.236049
3.8236e-005
Samp4
-0.247498
0.247505
7.0205e-006
Samp5
-0.222572
0.222647
7.57818e-005
Samp6
-0.233994
0.234044
4.97954e-005
Samp7
-0.24548
0.245489
8.43329e-006
Samp8
-0.256968
0.257006
3.80347e-005
Samp9
-0.241444
0.241476
3.1976e-005
Samp10
-0.252926
0.252946
1.99457e-005
Samp11
-0.264421
0.264474
5.28855e-005
Samp12
-0.275899
0.275937
3.8254e-005
Samp13
-0.250906
0.250915
9.00412e-006
Samp14
-0.2624
0.262436
3.66438e-005
Samp15
-0.273877
0.273913
3.57137e-005
Samp16
-0.285248
0.285351
0.000102908
#Optimization Objective2
Samp1
-0.458939
0.460827
0.00188896
Samp2
-0.302467
0.30281
0.000343655
Samp3
-0.137244
0.137718
0.000473723
Samp4
0.0330902
0.032859
0.0002312
Samp5
-0.37397
0.375008
0.001038
Samp6
-0.209579
0.210334
0.000755385
Samp7
-0.0395371
0.0404765
0.000939368
Samp8
0.134329
0.133279
0.00105019
Samp9
-0.184775
0.184867
9.18917e-005
Samp10
-0.0118633
0.0129367
0.00107345
Samp11
0.165257
0.164046
0.00121173
Samp12
0.345268
0.343808
0.00145936
Samp13
-0.0848322
0.0850365
0.000204263
Samp14
0.0918866
0.0913559
0.000530687
Samp15
0.271788
0.270097
0.00169022
Samp16
0.451956
0.449173
0.00278265
