2
16
#Optimization Objective1
Samp1
-0.173382
0.173383
6.511e-007
Samp2
-0.201923
0.201953
3.02751e-005
Samp3
-0.230837
0.230865
2.78166e-005
Samp4
-0.259956
0.25996
4.69951e-006
Samp5
-0.187818
0.187843
2.42497e-005
Samp6
-0.216687
0.216718
3.05988e-005
Samp7
-0.245782
0.245809
2.68684e-005
Samp8
-0.2751
0.275139
3.90018e-005
Samp9
-0.217484
0.217532
4.82839e-005
Samp10
-0.246717
0.246734
1.74284e-005
Samp11
-0.276285
0.276318
3.28247e-005
Samp12
-0.306194
0.306201
7.75344e-006
Samp13
-0.232559
0.232568
8.96354e-006
Samp14
-0.262079
0.262109
3.00607e-005
Samp15
-0.29196
0.291985
2.53051e-005
Samp16
-0.322056
0.322066
1.0827e-005
#Optimization Objective2
Samp1
-0.254749
0.254813
6.36735e-005
Samp2
-0.0315263
0.0319058
0.000379521
Samp3
0.185901
0.185507
0.000394539
Samp4
0.399707
0.399622
8.51216e-005
Samp5
-0.293834
0.294163
0.000329926
Samp6
-0.0754814
0.075952
0.000470512
Samp7
0.139074
0.138711
0.000362618
Samp8
0.349754
0.349178
0.000576135
Samp9
-0.384798
0.38551
0.000711991
Samp10
-0.172261
0.172442
0.000181395
Samp11
0.0349887
0.034496
0.000492677
Samp12
0.236694
0.236659
3.50118e-005
Samp13
-0.434516
0.434658
0.000141485
Samp14
-0.226328
0.226768
0.000440317
Samp15
-0.0238508
0.024117
0.000266243
Samp16
0.174615
0.174336
0.000279094
