2
16
#Optimization Objective1
Samp1
-0.241776
0.242111
0.000335122
Samp2
-0.246376
0.246404
2.83258e-005
Samp3
-0.250045
0.250289
0.000243841
Samp4
-0.253071
0.253094
2.35198e-005
Samp5
-0.245023
0.245141
0.000117585
Samp6
-0.248795
0.249054
0.000258917
Samp7
-0.251873
0.251887
1.36469e-005
Samp8
-0.253952
0.254264
0.000311279
Samp9
-0.249464
0.249777
0.000312949
Samp10
-0.251848
0.252109
0.000261054
Samp11
-0.252568
0.252818
0.000249958
Samp12
-0.251851
0.25197
0.000119193
Samp13
-0.250752
0.250791
3.89228e-005
Samp14
-0.251667
0.251863
0.000195658
Samp15
-0.25099
0.251152
0.000161939
Samp16
-0.24964
0.249752
0.000112076
#Optimization Objective2
Samp1
-0.440299
0.458863
0.0185635
Samp2
-0.32751
0.335841
0.00833163
Samp3
-0.192488
0.201012
0.00852418
Samp4
-0.0485535
0.0504064
0.00185293
Samp5
-0.338217
0.349265
0.0110472
Samp6
-0.205431
0.214461
0.00902933
Samp7
-0.0619842
0.0683532
0.00636906
Samp8
0.0853659
0.0763555
0.00901042
Samp9
-0.0888598
0.095408
0.00654823
Samp10
0.0580961
0.0453992
0.0126969
Samp11
0.204512
0.193073
0.011439
Samp12
0.332933
0.330683
0.00225022
Samp13
0.044033
0.0435982
0.000434885
Samp14
0.191222
0.185568
0.00565367
Samp15
0.321594
0.320635
0.000959144
Samp16
0.431131
0.417532
0.0135993
