818
2
-67.889127067729 0.862607594227 
0.139861285325 0.001204842782 
0.139861285325 0.001204842782 
-0.067437078921 -0.331415356915 
-4.773355626089 -3.586858330497 
-29.762628716051 -9.949659898660 
-57.583708980176 -1.732032016373 
0.139861285325 0.001204842782 
-0.351234045202 -0.678558793696 
-7.702438775445 -5.217300752771 
-37.833209560292 -7.287119868636 
-61.538124476845 -0.609277320782 
0.139861285325 0.001204842782 
-41.880056803966 -3.587562988308 
-33.795822229030 -5.919928497356 
-15.014274002047 -9.131141404999 
-2.454354883124 -2.772725583970 
-0.001007213624 -0.233670385221 
0.139861285325 0.001204842782 
-38.014936880039 -4.728629208516 
-21.262169729756 -9.102827221766 
-4.280153944300 -4.049110183791 
-0.150675237088 -0.443679457754 
0.139861285325 0.001204842782 
-72.324756244540 2.130271300236 
0.139861285325 0.001204842782 
0.134513601010 -0.008533856267 
-0.744344499351 -1.064163612308 
-10.552990243346 -6.868739135516 
-42.515798704129 -5.477908105715 
-64.559396460650 0.574135815586 
0.131334303915 -0.014323692722 
-1.101974503817 -1.311018355524 
-13.066647656525 -7.871900352005 
-45.975205044026 -3.985678476321 
-66.992207767558 1.044278809373 
-48.022205502022 -1.770971769175 
0.139861285325 0.001204842782 
-44.306042520229 -2.711000894793 
-29.765215673898 -7.234912199382 
-8.932389939223 -7.196194641941 
-0.986373812195 -1.505480120511 
0.094822412445 -0.080815710910 
-42.318137378911 -3.180193841275 
-26.429736772127 -8.218250446584 
-7.387557030193 -6.615827784426 
-0.713534939480 -1.202061492808 
0.111485883354 -0.050469766995 
-73.991012780836 2.649325482540 
0.139861285325 0.001204842782 
0.117302345180 -0.039543927256 
-1.435079611220 -1.553426525138 
-14.920652284725 -8.330563638932 
-48.311945362194 -3.393079733296 
-67.679148794275 1.484700514271 
0.107752784488 -0.056469234062 
-1.626642899249 -1.689448241556 
-15.651232280303 -8.468612323855 
-48.074179784945 -2.932150429929 
-68.539546681695 1.607352176120 
-50.438533668478 -1.075202761434 
0.139861285325 0.001204842782 
-46.408631254904 -1.960674100294 
-32.809339766365 -5.854194290367 
-11.592334467977 -8.281610408336 
-1.661768818863 -2.252962562761 
0.043281660138 -0.170459393595 
-46.033446613161 -2.102486045449 
-32.413556018036 -6.304631657637 
-11.371369583590 -8.423929110390 
-1.625295791612 -2.262806384187 
0.044767540847 -0.170207777256 
-74.028648317477 2.609534432860 
0.139861285325 0.001204842782 
0.109580391888 -0.053127793663 
-1.639756986851 -1.686053502216 
-15.818270095106 -8.563347483829 
-48.239752703323 -2.936392379124 
-68.513412692156 1.591906160691 
0.139861285325 0.001204842782 
0.119465830285 -0.035937439168 
-1.383017689328 -1.507597766405 
-14.504334014998 -8.176508451989 
-47.342627591389 -3.343712233803 
-68.365538354080 1.440383917860 
-50.591880644740 -1.103397622031 
0.139861285325 0.001204842782 
-46.000745856383 -2.114096481122 
-31.963279271268 -6.275136999406 
-10.986853449956 -8.228993243037 
-1.531252292856 -2.165375938853 
0.051843164946 -0.159085468826 
-46.530575427241 -1.989378216199 
-32.943231350413 -5.890494563596 
-11.666331237656 -8.341570122063 
-1.684467521587 -2.286390199454 
0.040985299610 -0.174571889840 
-72.466895822387 2.118030874015 
0.139861285325 0.001204842782 
0.132477516866 -0.012241780960 
-1.034686452904 -1.260105785910 
-12.852027238309 -7.671557923013 
-46.749740651348 -4.146116225833 
-66.655826039886 1.022467135508 
0.135088532519 -0.007486845148 
-0.722185476728 -1.046592745080 
-10.358204952087 -6.803889163486 
-42.238054687056 -5.499189713033 
-65.868385855947 0.524170030333 
-48.446595697812 -1.815728461786 
0.139861285325 0.001204842782 
-42.833484701879 -3.224504842567 
-26.547781223448 -8.289874374564 
-7.298461279876 -6.539966719885 
-0.679367734155 -1.154715799155 
0.114532910624 -0.044920807889 
-44.645864033298 -2.785428397216 
-29.897394728198 -7.387310404870 
-8.702755667571 -7.046983315357 
-0.909485704176 -1.411398891992 
0.100862302193 -0.069816432515 
0.139861285325 0.001204842782 
-67.457056286930 0.812903757048 
0.139861285325 0.001204842782 
0.139861285325 0.001204842782 
-0.315830377747 -0.643249270875 
-7.415257272132 -5.039848158241 
-37.473047528217 -7.477650758030 
-62.064583536827 -0.665670020308 
0.139861285325 0.001204842782 
0.139861285325 0.001204842782 
-0.084026522074 -0.354980378978 
-4.799663206892 -3.690404443249 
-29.434256414785 -9.742639341092 
-58.025456524173 -1.759380928951 
-41.934879694851 -3.624910499289 
0.139861285325 0.001204842782 
-33.896570303885 -5.877684955576 
-15.122709846866 -9.112279750090 
-2.530840374729 -2.861917983293 
-0.011302563629 -0.249032701536 
0.139861285325 0.001204842782 
-38.006235710042 -4.819547494145 
-20.932344944437 -9.185581521785 
-4.138809018856 -3.947969944024 
-0.136146705613 -0.424659013557 
0.139861285325 0.001204842782 
-58.979040204743 -1.510752359170 
0.139861285325 0.001204842782 
-51.394846395420 -3.765819412969 
-21.877779125880 -10.226184858298 
-2.585550256607 -2.016420197308 
0.101810952811 -0.066108398183 
0.139861285325 0.001204842782 
-46.018060779913 -5.356424446792 
-14.809253314363 -8.717265283337 
-1.332890796645 -1.349131517027 
0.137376221933 -0.003320720633 
0.139861285325 0.001204842782 
0.109438948476 0.007891200696 
-31.297143123355 -6.742164188734 
0.139861285325 0.001204842782 
-21.113179577419 -8.246049875467 
-5.325668113325 -4.757193683100 
-0.307412969961 -0.591596307573 
0.139861285325 0.001204842782 
0.139861285325 0.001204842782 
0.139861285325 0.001204842782 
-25.801062695619 -8.135697478057 
-8.963466998011 -7.087743913285 
-0.824115305089 -1.049417123426 
0.134047797094 -0.009382134491 
0.139861285325 0.001204842782 
-117.157414827075 6.063756152136 
0.139861285325 0.001204842782 
0.139861285325 0.001204842782 
0.125291255385 -0.025328723593 
-4.892213515234 -2.837103326993 
-43.444890179152 -15.775500084544 
-102.399825277124 0.627929500673 
-58.764842195679 -1.519878876116 
0.139861285325 0.001204842782 
0.139861285325 0.001204842782 
0.137928775968 -0.002314461262 
-1.308053476743 -1.332694432152 
-14.733225314206 -8.662710640810 
-46.280823307905 -5.407900214888 
0.139861285325 0.001204842782 
0.102283687889 -0.065322906207 
-2.581585144193 -2.009580339917 
-21.900316078187 -10.214453906238 
-51.526961473166 -3.773710254960 
0.139861285325 0.001204842782 
0.139861285325 0.001204842782 
-0.032315584432 -0.297887654740 
-8.023942722655 -3.685313534465 
-57.089770897287 -11.038985297616 
-106.711554988665 2.575413208433 
0.139861285325 0.001204842782 
-31.246675350546 -6.768117083809 
-21.057813673894 -8.257228375982 
-5.266527623170 -4.709139560909 
-0.298774910795 -0.583337433617 
0.139861285325 0.001204842782 
0.139861285325 0.001204842782 
-25.802931591776 -8.128098697284 
-8.969374371174 -7.083678843921 
-0.824463923288 -1.048368148347 
0.134109110709 -0.009270475911 
0.139861285325 0.001204842782 
0.139861285325 0.001204842782 
0.112284596123 0.006179309489 
0.055891431716 0.021525671480 
0.085076943646 0.015288180574 
0.139861285325 0.001204842782 
0.139023362832 0.001790444244 
0.105805083546 0.008797934670 
0.060997079258 0.020926225181 
0.139861285325 0.001204842782 
0.139861285325 0.001204842782 
0.139861285325 0.001204842782 
0.108502609866 0.009462507163 
0.088019008540 0.015143767402 
0.126919650220 0.004593140040 
0.139861285325 0.001204842782 
0.124901560974 0.007954442781 
0.101072082054 0.012941739410 
0.121069887940 0.006590256113 
0.139861285325 0.001204842782 
0.139861285325 0.001204842782 
0.121507082398 0.006463735251 
0.101383907275 0.012838211603 
0.129658685365 0.005375550554 
0.139861285325 0.001204842782 
0.118922222407 0.006784675314 
0.088394783779 0.015084790700 
0.114632525182 0.007651550056 
0.139861285325 0.001204842782 
0.139861285325 0.001204842782 
0.139861285325 0.001204842782 
0.072056943431 0.016376627691 
0.111174879111 0.007389523773 
0.139861285325 0.001204842782 
0.139861285325 0.001204842782 
0.087920163897 0.015502047479 
0.058677804433 0.020625512225 
0.139861285325 0.001204842782 
0.139861285325 0.001204842782 
0.139861285325 0.001204842782 
0.139861285325 0.001204842782 
0.139861285325 0.001204842782 
0.139861285325 0.001204842782 
0.139861285325 0.001204842782 
0.139861285325 0.001204842782 
-127.885502402056 7.650276490256 
0.139861285325 0.001204842782 
-0.279590804773 -0.654319669146 
-11.236161686755 -5.275633505264 
-68.128089688287 -7.797342075970 
-112.228219481906 4.554385945253 
0.139861285325 0.001204842782 
-0.991430280117 -1.371323158060 
-16.542240038719 -8.752804911123 
-75.138432890433 -3.476683926334 
-114.726907077838 5.502831431584 
0.139861285325 0.001204842782 
-131.032774833305 8.601845574500 
0.139861285325 0.001204842782 
-1.396562102114 -1.595694503556 
-19.951555060085 -9.954461184052 
-68.706874982886 -2.155387993594 
-117.835052253172 6.427145608949 
0.139861285325 0.001204842782 
-2.197160751117 -1.912293754032 
-25.038046625159 -11.460891912382 
-84.931573385275 -0.689055487998 
-123.058320744778 6.987099321428 
0.139861285325 0.001204842782 
-131.952884763892 9.046302443445 
0.138339151579 -0.001567123848 
-2.250242226528 -1.870116096662 
-26.030476286886 -11.085097532727 
-57.806898513161 -0.201373711434 
-121.669671920450 7.321780984945 
0.135246039346 -0.007200008547 
-2.653187556389 -1.936897083324 
-27.648676926704 -11.166506653482 
-85.689460392521 0.232484406568 
-123.871684684018 7.451197576545 
0.139861285325 0.001204842782 
-131.988894814662 8.982657771007 
0.136002949928 -0.005821594279 
-2.777519792730 -2.001218133148 
-28.472847277767 -11.587254759867 
-86.102116524829 0.240013479493 
-123.660693920011 7.453226250863 
0.138613599828 -0.001067324544 
-2.197928193611 -1.811028455482 
-25.022518681709 -10.732156297308 
-85.405868772572 -0.272653298268 
-125.075380833354 7.247554958189 
0.139861285325 0.001204842782 
-130.621612059746 8.622869244370 
0.139861285325 0.001204842782 
-2.129586766698 -1.885167613876 
-25.329299254269 -11.352601396699 
-88.548173279664 -0.982408778893 
-120.505876285562 6.982864481862 
0.139861285325 0.001204842782 
-1.365254101873 -1.586647720706 
-19.274749745175 -9.871230512207 
-79.558285402321 -2.488920449792 
-122.235498852483 6.390257992981 
0.139861285325 0.001204842782 
-125.825396245082 7.542710103611 
0.139861285325 0.001204842782 
-0.884499006928 -1.293136777176 
-15.873697768232 -8.330469686631 
-75.472923664567 -3.668620313374 
-117.781491028272 5.583579917543 
0.139861285325 0.001204842782 
-0.306604950984 -0.685002109411 
-10.895422151131 -5.338727449771 
-65.539624479854 -7.143382752526 
-113.832752651562 4.350416514958 
0.139861285325 0.001204842782 
-118.125624078623 6.019749514327 
0.139861285325 0.001204842782 
-0.034727974167 -0.301704951563 
-8.075682347804 -3.734511694175 
-57.237093948569 -11.190051927525 
-106.476753965016 2.607389956146 
0.139861285325 0.001204842782 
0.121129111695 -0.032908427705 
-4.944755055311 -2.850475834846 
-43.247271242394 -15.580191404306 
-100.381643545822 0.689295684530 
0.139861285325 0.001204842782 
0.139861285325 0.001204842782 
0.139861285325 0.001204842782 
0.139861285325 0.001204842782 
0.139861285325 0.001204842782 
0.139861285325 0.001204842782 
0.139861285325 0.001204842782 
0.139861285325 0.001204842782 
0.139861285325 0.001204842782 
0.042760807746 0.020187309265 
0.126337313102 -0.004502143225 
0.139861285325 0.001204842782 
0.030359984230 0.018882513484 
0.139844196706 0.001201564209 
0.135022035617 0.002431304349 
0.132291912633 0.003679589920 
0.139861285325 0.001204842782 
0.139861285325 0.001204842782 
0.139861285325 0.001204842782 
0.111657265907 0.002708498897 
0.127814352117 0.003497791319 
0.129078856252 0.002754018620 
0.139861285325 0.001204842782 
0.139861285325 0.001204842782 
0.139861285325 0.001204842782 
0.139861285325 0.001204842782 
0.139861285325 0.001204842782 
0.139861285325 0.001204842782 
0.139861285325 0.001204842782 
0.139861285325 0.001204842782 
0.126991650128 0.001579257874 
-0.035278397893 0.043620982188 
0.038308135794 -0.010263530846 
0.139861285325 0.001204842782 
0.139861285325 0.001204842782 
0.139861285325 0.001204842782 
0.139861285325 0.001204842782 
0.109692460184 0.004529738834 
0.139861285325 0.001204842782 
0.119653899397 0.001219019456 
0.139861285325 0.001204842782 
0.139861285325 0.001204842782 
0.139861285325 0.001204842782 
0.139861285325 0.001204842782 
0.138094029501 -0.000936323811 
0.129726212663 0.003901762966 
0.139861285325 0.001204842782 
0.139861285325 0.001204842782 
0.139861285325 0.001204842782 
0.139861285325 0.001204842782 
0.139861285325 0.001204842782 
0.139861285325 0.001204842782 
0.139861285325 0.001204842782 
0.139861285325 0.001204842782 
0.139861285325 0.001204842782 
0.139861285325 0.001204842782 
0.139861285325 0.001204842782 
0.139861285325 0.001204842782 
0.139861285325 0.001204842782 
0.139861285325 0.001204842782 
0.139861285325 0.001204842782 
0.139861285325 0.001204842782 
0.139861285325 0.001204842782 
0.139861285325 0.001204842782 
0.139861285325 0.001204842782 
0.139861285325 0.001204842782 
0.139861285325 0.001204842782 
0.139861285325 0.001204842782 
0.139861285325 0.001204842782 
0.139861285325 0.001204842782 
0.139861285325 0.001204842782 
0.139861285325 0.001204842782 
0.139861285325 0.001204842782 
0.139861285325 0.001204842782 
0.139861285325 0.001204842782 
0.139861285325 0.001204842782 
0.139861285325 0.001204842782 
0.139861285325 0.001204842782 
0.139861285325 0.001204842782 
0.139861285325 0.001204842782 
0.139861285325 0.001204842782 
0.139861285325 0.001204842782 
0.139861285325 0.001204842782 
0.139861285325 0.001204842782 
0.139861285325 0.001204842782 
0.139861285325 0.001204842782 
0.139861285325 0.001204842782 
0.139861285325 0.001204842782 
0.139861285325 0.001204842782 
0.139861285325 0.001204842782 
0.139861285325 0.001204842782 
0.139861285325 0.001204842782 
0.139861285325 0.001204842782 
0.139861285325 0.001204842782 
0.139861285325 0.001204842782 
0.139861285325 0.001204842782 
0.139861285325 0.001204842782 
-42.083974149852 -3.514092758624 
0.139861285325 0.001204842782 
-34.016733506671 -5.839064874541 
-15.166198621144 -9.131554245532 
-2.500349834427 -2.803342680696 
-0.003602537865 -0.237991626453 
0.139861285325 0.001204842782 
-38.210798393836 -4.653326114162 
-21.423951151707 -9.079353941425 
-4.343227368593 -4.071626690304 
-0.155811000892 -0.451457992237 
0.139861285325 0.001204842782 
0.139861285325 0.001204842782 
-2.583956151212 0.109770169784 
0.139861285325 0.001204842782 
0.139861285325 0.001204842782 
0.130308116895 -0.009651279921 
-0.180222441420 -0.173114896304 
-1.522026705157 -0.153289822814 
0.139861285325 0.001204842782 
0.139860986072 0.001204297810 
0.089628790844 -0.042454765926 
-0.519722864684 -0.269628388085 
-2.030403238221 -0.019101835330 
-48.153347319710 -1.723641763423 
0.139861285325 0.001204842782 
-42.454197038259 -3.122631006787 
-26.556386590822 -8.182994601708 
-7.451640515113 -6.626878881869 
-0.722941042026 -1.214037347473 
0.111220678698 -0.050952732740 
-44.432345882536 -2.659814743304 
-29.885002082237 -7.194798297691 
-8.996372140893 -7.200780208606 
-0.997522395095 -1.517969615625 
0.094371571179 -0.081636740564 
0.139861285325 0.001204842782 
-2.009286870471 0.331687732603 
0.139861285325 0.001204842782 
0.139861285325 0.001204842782 
0.121558980951 -0.013237710958 
-0.250631880980 -0.081337320390 
-1.310138924880 0.149972136007 
0.139861285325 0.001204842782 
0.139779253574 0.001063286837 
0.070302078544 -0.042112075412 
-0.528280581142 -0.098549904515 
-1.615045825897 0.205349839657 
-50.535775057103 -1.038672978433 
0.139861285325 0.001204842782 
-46.127880820600 -2.062558341437 
-32.507690855392 -6.268541170214 
-11.428828864915 -8.421745983980 
-1.637595437683 -2.274577289550 
0.044184541084 -0.171257703708 
-46.503438325578 -1.922025129735 
-32.900068031308 -5.818660489671 
-11.647233585216 -8.278557673159 
-1.673934594953 -2.264030626403 
0.042674788044 -0.171535149646 
0.139861285325 0.001204842782 
-1.507913875638 0.337984700434 
0.139861285325 0.001204842782 
0.139861285325 0.001204842782 
0.109597920714 -0.016394560201 
-0.258152816422 -0.017503363897 
-1.056308489518 0.200937933195 
0.139861285325 0.001204842782 
0.139849211434 0.001182988619 
0.089383547627 -0.025304046523 
-0.350283686515 -0.015817621924 
-1.151198915353 0.216588902699 
-50.688569030490 -1.067072174185 
0.139861285325 0.001204842782 
-46.624609245421 -1.950848250012 
-33.034000838507 -5.854800258554 
-11.721515171433 -8.338534312003 
-1.696814618227 -2.297633754071 
0.040352435335 -0.175694193237 
-46.098196889222 -2.073734559355 
-32.058077082613 -6.239392279617 
-11.043715327450 -8.227186463709 
-1.542967206543 -2.176856647146 
0.051307934334 -0.160060180409 
0.139861285325 0.001204842782 
-1.519563930279 0.338205075460 
0.139861285325 0.001204842782 
0.139840624362 0.001167632845 
0.087798134082 -0.026408480947 
-0.355663669979 -0.017099874268 
-1.156703907366 0.216485612472 
0.139861285325 0.001204842782 
0.139861285325 0.001204842782 
0.111859781612 -0.015070895697 
-0.250451923531 -0.017672359581 
-1.057462836811 0.198756009329 
0.139861285325 0.001204842782 
-117.777534963527 6.216484430132 
0.139861285325 0.001204842782 
0.125216774639 -0.025464360913 
-4.946642142231 -2.859098268827 
-43.731058019640 -15.787895017805 
-103.017828534576 0.792893056384 
0.139861285325 0.001204842782 
-0.033249201443 -0.299504757983 
-8.095359766304 -3.691514297031 
-57.419747445625 -11.004305481018 
-107.292289916574 2.722298576967 
0.139861285325 0.001204842782 
-59.741917091879 -1.243233683356 
0.139861285325 0.001204842782 
0.137926348694 -0.002318881586 
-1.351329821250 -1.363508405178 
-15.087388818497 -8.695777525507 
-47.175530171319 -5.186444683775 
0.139861285325 0.001204842782 
0.101828888062 -0.066134698304 
-2.655392178238 -2.039352873937 
-22.338064016812 -10.192606422035 
-52.406758340509 -3.533290518847 
-31.532259849741 -6.665371733415 
0.139861285325 0.001204842782 
-21.336239492319 -8.207667317879 
-5.377778666920 -4.745001876786 
-0.312478651678 -0.600748216559 
0.139861285325 0.001204842782 
0.139861285325 0.001204842782 
-26.080578219332 -8.048127942500 
-9.110802336275 -7.115930608180 
-0.852617067684 -1.075162157168 
0.133996558331 -0.009475445701 
0.139861285325 0.001204842782 
-59.967037492000 -1.233549222383 
0.139861285325 0.001204842782 
-46.890478268341 -5.137280867511 
-15.159401408252 -8.749047578306 
-1.376668970853 -1.380020924105 
0.137373694908 -0.003325322613 
0.139861285325 0.001204842782 
-52.271982304468 -3.525460750179 
-22.316084461536 -10.205408036007 
-2.659628692479 -2.046383291128 
0.101343975562 -0.066941137177 
0.139861285325 0.001204842782 
-31.583348342327 -6.639416001595 
0.139861285325 0.001204842782 
-26.077073869688 -8.055816705420 
-9.104350476523 -7.119988907064 
-0.852211743624 -1.076184832035 
0.133933449199 -0.009590374109 
0.139861285325 0.001204842782 
-21.390644435983 -8.195903849662 
-5.437415493466 -4.793244401335 
-0.321418626148 -0.609278107251 
0.139861285325 0.001204842782 
0.139861285325 0.001204842782 
-48.576219667223 -1.768461935062 
0.139861285325 0.001204842782 
-44.769871064597 -2.734112266888 
-30.019709549971 -7.347369336527 
-8.767370889277 -7.052058671495 
-0.920130859496 -1.423603792135 
0.100468152745 -0.070534220370 
-42.973382517513 -3.166087300681 
-26.676353819331 -8.254611144700 
-7.363054668011 -6.551438079705 
-0.688553429964 -1.166503593012 
0.114296567257 -0.045351214171 
0.139861285325 0.001204842782 
-2.043052798775 0.334797348341 
0.139861285325 0.001204842782 
0.139747052643 0.001009475406 
0.068888550333 -0.043662129908 
-0.540418915147 -0.106002018957 
-1.642911252771 0.205963138209 
0.139861285325 0.001204842782 
0.139861285325 0.001204842782 
0.122298717816 -0.012566542783 
-0.254177641123 -0.081680115887 
-1.335575901079 0.151037671668 
-42.135588882191 -3.552239084954 
0.139861285325 0.001204842782 
-38.205039194251 -4.743613425284 
-21.093900074493 -9.163579657302 
-4.200587276728 -3.971009620716 
-0.141030079195 -0.432115102271 
0.139861285325 0.001204842782 
-34.118741138100 -5.797151098962 
-15.274659513535 -9.111651148068 
-2.577280383306 -2.892415242607 
-0.014084873750 -0.253629457581 
0.139861285325 0.001204842782 
0.139861285325 0.001204842782 
-2.594703234711 0.108669887429 
0.139861285325 0.001204842782 
0.139860786570 0.001203934496 
0.090256251871 -0.042575440645 
-0.515331520568 -0.275821351140 
-2.033720380014 -0.030104047060 
0.139861285325 0.001204842782 
0.139861285325 0.001204842782 
0.130325371648 -0.009509904186 
-0.182813805241 -0.172451743343 
-1.522102076471 -0.149152454687 
0.139861285325 0.001204842782 
-68.680956768005 1.080069246793 
0.139861285325 0.001204842782 
-0.357215016885 -0.686773669433 
-7.806940726279 -5.225784748109 
-38.229932264991 -7.197190056530 
-62.202038594199 -0.419461238367 
0.139861285325 0.001204842782 
-0.069791752225 -0.335221186365 
-4.853915919684 -3.607359776221 
-30.119805627305 -9.894651387977 
-58.255111025016 -1.531775373556 
0.139861285325 0.001204842782 
-72.882801808345 2.291919793580 
0.131211743187 -0.014546888777 
-1.112728439273 -1.321521574438 
-13.157514985618 -7.867501636811 
-46.271271297342 -3.904685970270 
-67.488919591867 1.186997149841 
0.134414182514 -0.008714907869 
-0.751987291115 -1.073402792710 
-10.636024096149 -6.863769887321 
-42.781911434481 -5.409656182175 
-65.013260845907 0.710943601849 
0.139861285325 0.001204842782 
-74.423554641826 2.781712537701 
0.107524125332 -0.056876913477 
-1.637379628826 -1.698053987127 
-15.721092035696 -8.460129679538 
-48.290457441738 -2.868395790467 
-68.919486837342 1.721133724827 
0.117085794599 -0.039934159862 
-1.445151800776 -1.562400602896 
-14.990621287326 -8.320576546982 
-48.525812131934 -3.331155925983 
-68.037110563532 1.594672157737 
0.139861285325 0.001204842782 
-74.460140607195 2.741351838269 
0.119265896032 -0.036301540599 
-1.392737713087 -1.516428630793 
-14.571927959926 -8.166737963919 
-47.551216444633 -3.282446712108 
-68.742818447508 1.553312678165 
0.109353822143 -0.053531489811 
-1.650722456770 -1.694837805335 
-15.889274223834 -8.555245521791 
-48.457127800010 -2.872307644299 
-68.891494309333 1.705343281359 
0.139861285325 0.001204842782 
-73.018879988815 2.279081070252 
0.134999122373 -0.007649670485 
-0.729621586279 -1.055678191764 
-10.439807583374 -6.799091761222 
-42.502142977567 -5.430504933059 
-66.348633750775 0.665339233348 
0.132371182301 -0.012435427455 
-1.044957730606 -1.270336180405 
-12.947056384015 -7.667421622326 
-47.061979231690 -4.064153285841 
-67.133072241770 1.162477920377 
0.139861285325 0.001204842782 
-68.226025362735 1.025971563852 
0.139861285325 0.001204842782 
-0.086566709036 -0.359066609455 
-4.877986721788 -3.710052580047 
-29.783106300364 -9.685704533272 
-58.708515766169 -1.560424966240 
0.139861285325 0.001204842782 
-0.321391174992 -0.651047896041 
-7.518309624452 -5.048814708796 
-37.878412815146 -7.387796850470 
-62.757808073190 -0.469828475632 
0.139861285325 0.001204842782 
-2.169116813362 -0.558681628335 
0.139861285325 0.001204842782 
0.139861285325 0.001204842782 
0.137264439380 -0.002972601789 
-0.001148115295 -0.134510527356 
-0.959811564715 -0.622831121985 
0.139861285325 0.001204842782 
0.139861285325 0.001204842782 
0.129265107905 -0.013632620116 
-0.146148680232 -0.244008900164 
-1.410334559603 -0.657969139493 
0.139861285325 0.001204842782 
-118.759614384831 6.173485561086 
0.139861285325 0.001204842782 
0.121034015742 -0.033081607498 
-5.000590291762 -2.872437577858 
-43.519558564323 -15.594584099824 
-100.969178557154 0.848642955881 
0.139861285325 0.001204842782 
-0.035683580490 -0.303357863150 
-8.148364462862 -3.741127248664 
-57.569107882773 -11.156532059499 
-107.055300998408 2.754346854737 
0.139861285325 0.001204842782 
-2.168972932792 -0.563406164068 
0.139861285325 0.001204842782 
0.139861285325 0.001204842782 
0.129401498139 -0.013442032208 
-0.144754370475 -0.242850081903 
-1.406603236384 -0.657881667293 
0.139861285325 0.001204842782 
0.139861285325 0.001204842782 
0.137262924298 -0.002980481331 
-0.000188484875 -0.134336254951 
-0.954496544530 -0.624917429937 
0.139861285325 0.001204842782 
-128.423361290742 7.777826742921 
0.139861285325 0.001204842782 
-0.281710475410 -0.657617237646 
-11.317217840883 -5.270831913096 
-68.409476724568 -7.743240896792 
-112.694680661976 4.678059925616 
0.139861285325 0.001204842782 
-0.996423175626 -1.377071696993 
-16.610463983934 -8.749169369054 
-75.394451765479 -3.417412615446 
-115.158882327850 5.608072913039 
0.139861285325 0.001204842782 
-131.431272640744 8.703149409658 
0.139861285325 0.001204842782 
-1.402402446882 -1.601384084421 
-20.011756197126 -9.941431197129 
-81.900796425423 -2.614055939833 
-118.166551925718 6.514811216223 
0.139861285325 0.001204842782 
-2.203789269337 -1.916712488171 
-25.086035171558 -11.457632809475 
-85.124484515829 -0.644987568414 
-123.409405812377 7.073373923858 
0.139861285325 0.001204842782 
-132.270253475249 9.132522712482 
0.138326316950 -0.001590497065 
-2.256338240727 -1.873978622353 
-26.072653605237 -11.075231311667 
-89.147125103031 -0.376900020117 
-121.934050489709 7.392791009324 
0.135216745803 -0.007253355190 
-2.659272647093 -1.939959160494 
-27.684998154352 -11.160756040805 
-85.835403497832 0.268326221639 
-124.152386628654 7.524503747699 
0.139861285325 0.001204842782 
-132.304362191710 9.068237788148 
0.135978211680 -0.005866645246 
-2.783835519974 -2.004333340173 
-28.510066419433 -11.581894928485 
-86.249199888831 0.276107105777 
-123.940429797469 7.526348603564 
0.138602826720 -0.001086943513 
-2.204054318989 -1.814928912258 
-25.060855998318 -10.722682524837 
-85.549912332582 -0.236575189516 
-125.357752926032 7.320939681836 
0.139861285325 0.001204842782 
-131.011687359826 8.723136053228 
0.139861285325 0.001204842782 
-2.135965570939 -1.889503736948 
-25.383714192255 -11.348635397889 
-88.762127181150 -0.935817496659 
-120.840245316928 7.066958385289 
0.139861285325 0.001204842782 
-1.371038666760 -1.592383822512 
-19.331788617659 -9.858325802679 
-79.753789740950 -2.440797170567 
-122.591564969976 6.481078693313 
0.139861285325 0.001204842782 
-126.341177147229 7.666792015295 
0.139861285325 0.001204842782 
-0.889007031573 -1.298591217740 
-15.940800420933 -8.326766773766 
-75.746095458756 -3.605822761207 
-118.249563340918 5.696192973396 
0.139861285325 0.001204842782 
-0.308914060368 -0.688538721864 
-10.969414572587 -5.333412986398 
-65.810188142464 -7.088116550164 
-114.313112183673 4.472970205830 
