2
16
#Optimization Objective1
Samp1
-0.248942
0.248947
4.94337e-006
Samp2
-0.249353
0.249353
2.91696e-007
Samp3
-0.249747
0.249751
3.62124e-006
Samp4
-0.250131
0.250131
1.31233e-007
Samp5
-0.249206
0.249206
6.62799e-007
Samp6
-0.249602
0.249606
4.18745e-006
Samp7
-0.249986
0.249988
1.89596e-006
Samp8
-0.250356
0.250361
4.9478e-006
Samp9
-0.249696
0.249701
5.29107e-006
Samp10
-0.25007
0.250073
2.36687e-006
Samp11
-0.250422
0.250427
5.41531e-006
Samp12
-0.250746
0.250747
6.92702e-007
Samp13
-0.249927
0.249927
3.03618e-007
Samp14
-0.250281
0.250285
4.23291e-006
Samp15
-0.250607
0.250609
2.01874e-006
Samp16
-0.25092
0.250923
3.41699e-006
#Optimization Objective2
Samp1
0.449877
0.445789
0.00408821
Samp2
0.301888
0.300605
0.00128273
Samp3
0.144586
0.143299
0.00128657
Samp4
-0.0162471
0.016403
0.000155834
Samp5
0.351105
0.349382
0.00172356
Samp6
0.194538
0.192596
0.00194155
Samp7
0.0338712
0.032498
0.00137321
Samp8
-0.128608
0.130876
0.00226807
Samp9
0.134114
0.132948
0.00116599
Samp10
-0.0279449
0.028523
0.000578148
Samp11
-0.191066
0.193604
0.00253869
Samp12
-0.353116
0.354734
0.00161805
Samp13
0.0223651
0.0217828
0.000582318
Samp14
-0.140741
0.142714
0.00197305
Samp15
-0.302905
0.30452
0.00161481
Samp16
-0.463113
0.467355
0.00424184
